-0.207921  0.831682  0.514853
-0.169293  0.790033  0.589226
-0.138193  0.773880  0.618072
-0.109091  0.763636  0.636364
-0.081081  0.756757  0.648649
-0.053734  0.752271  0.656659
-0.026776  0.749721  0.661212
0.000000  0.748893  0.662691
0.026776  0.749721  0.661212
0.053734  0.752271  0.656659
0.081081  0.756757  0.648649
0.109091  0.763636  0.636364
0.138193  0.773880  0.618072
0.169293  0.790033  0.589226
0.207921  0.831682  0.514853
-0.289560  0.781811  0.552202
-0.249154  0.747462  0.615810
-0.216216  0.729730  0.648649
-0.186031  0.717550  0.671204
-0.157456  0.708551  0.687869
-0.129952  0.701741  0.700480
-0.103200  0.696601  0.709997
-0.076981  0.692832  0.716979
-0.051129  0.690247  0.721765
-0.025509  0.688736  0.724564
0.000000  0.688238  0.725485
0.025509  0.688736  0.724564
0.051129  0.690247  0.721765
0.076981  0.692832  0.716979
0.103200  0.696601  0.709997
0.129952  0.701741  0.700480
0.157456  0.708551  0.687869
0.186032  0.717550  0.671204
0.216216  0.729730  0.648649
0.249154  0.747463  0.615809
0.289560  0.781811  0.552202
-0.338586  0.733602  0.589226
-0.298804  0.706264  0.641800
-0.265217  0.689564  0.673914
-0.234512  0.677479  0.697156
-0.205597  0.668190  0.715019
-0.177924  0.660861  0.729113
-0.151160  0.655029  0.740330
-0.125078  0.650407  0.749217
-0.099510  0.646813  0.756129
-0.074322  0.644122  0.761303
-0.049404  0.642252  0.764899
-0.024660  0.641150  0.767019
0.000000  0.640786  0.767720
0.024660  0.641150  0.767019
0.049404  0.642252  0.764899
0.074322  0.644122  0.761303
0.099510  0.646813  0.756129
0.125078  0.650407  0.749217
0.151160  0.655028  0.740330
0.177924  0.660861  0.729113
0.205597  0.668190  0.715019
0.234512  0.677479  0.697156
0.265217  0.689564  0.673914
0.298804  0.706264  0.641800
0.338586  0.733602  0.589226
-0.395917  0.706995  0.586010
-0.351786  0.676512  0.646976
-0.316088  0.658516  0.682968
-0.284026  0.645514  0.708971
-0.254178  0.635444  0.729113
-0.225857  0.627380  0.745241
-0.198661  0.620816  0.758367
-0.172324  0.615444  0.769112
-0.146654  0.611060  0.777881
-0.121505  0.607523  0.784954
-0.096758  0.604737  0.790526
-0.072316  0.602632  0.794736
-0.048093  0.601160  0.797680
-0.024012  0.600289  0.799423
0.000000  0.600000  0.800000
0.024012  0.600289  0.799423
0.048093  0.601160  0.797680
0.072316  0.602632  0.794736
0.096758  0.604737  0.790526
0.121505  0.607523  0.784954
0.146654  0.611060  0.777881
0.172325  0.615444  0.769112
0.198661  0.620816  0.758367
0.225857  0.627380  0.745241
0.254178  0.635444  0.729113
0.284026  0.645514  0.708971
0.316088  0.658516  0.682968
0.351786  0.676512  0.646976
0.395917  0.706995  0.586010
-0.470589  0.705883  0.529410
-0.409654  0.655446  0.634487
-0.369833  0.634000  0.679167
-0.335401  0.619201  0.709997
-0.303954  0.607907  0.733526
-0.274488  0.598883  0.752326
-0.246456  0.591495  0.767720
-0.219512  0.585366  0.780488
-0.193419  0.580256  0.791134
-0.168000  0.576000  0.800000
-0.143120  0.572482  0.807330
-0.118670  0.569617  0.813298
-0.094557  0.567343  0.818035
-0.070702  0.565617  0.821632
-0.047034  0.564404  0.824157
-0.023487  0.563685  0.825656
0.000000  0.563447  0.826152
0.023487  0.563685  0.825656
0.047034  0.564404  0.824157
0.070702  0.565617  0.821632
0.094557  0.567343  0.818035
0.118670  0.569617  0.813298
0.143120  0.572482  0.807330
0.168000  0.576000  0.800000
0.193419  0.580256  0.791134
0.219512  0.585366  0.780488
0.246456  0.591495  0.767720
0.274488  0.598883  0.752326
0.303954  0.607907  0.733526
0.335401  0.619201  0.709997
0.369833  0.634000  0.679167
0.409654  0.655446  0.634487
0.470587  0.705881  0.529414
-0.477607  0.646175  0.595272
-0.428413  0.615843  0.661211
-0.389856  0.597779  0.700480
-0.355848  0.584608  0.729113
-0.324596  0.574285  0.751555
-0.295247  0.565891  0.769803
-0.267310  0.558921  0.784954
-0.240464  0.553067  0.797680
-0.214483  0.548122  0.808430
-0.189198  0.543943  0.817514
-0.164478  0.540428  0.825158
-0.140217  0.537498  0.831526
-0.116326  0.535099  0.836742
-0.092728  0.533186  0.840901
-0.069356  0.531727  0.844071
-0.046148  0.530701  0.846302
-0.023047  0.530092  0.847627
0.000000  0.529889  0.848067
0.023047  0.530092  0.847627
0.046148  0.530701  0.846302
0.069356  0.531727  0.844071
0.092728  0.533186  0.840901
0.116326  0.535099  0.836742
0.140217  0.537498  0.831526
0.164478  0.540428  0.825158
0.189198  0.543943  0.817514
0.214483  0.548122  0.808430
0.240464  0.553067  0.797680
0.267310  0.558921  0.784954
0.295247  0.565891  0.769803
0.324596  0.574285  0.751555
0.355848  0.584608  0.729113
0.389856  0.597779  0.700480
0.428412  0.615843  0.661212
0.477607  0.646174  0.595274
-0.496699  0.607076  0.620281
-0.449523  0.581736  0.677874
-0.411194  0.565392  0.715019
-0.377159  0.553166  0.742805
-0.345828  0.543444  0.764899
-0.316406  0.535456  0.783054
-0.288417  0.528764  0.798263
-0.261547  0.523094  0.811151
-0.235572  0.518258  0.822140
-0.210325  0.514129  0.831526
-0.185676  0.510609  0.839526
-0.161518  0.507627  0.846302
-0.137763  0.505130  0.851977
-0.114335  0.503076  0.856646
-0.091170  0.501433  0.860380
-0.068206  0.500178  0.863232
-0.045390  0.499293  0.865243
-0.022671  0.498767  0.866440
0.000000  0.498592  0.866837
0.022671  0.498767  0.866440
0.045390  0.499293  0.865243
0.068206  0.500178  0.863232
0.091170  0.501433  0.860380
0.114335  0.503076  0.856646
0.137763  0.505130  0.851977
0.161518  0.507627  0.846302
0.185676  0.510609  0.839525
0.210325  0.514129  0.831526
0.235572  0.518258  0.822140
0.261547  0.523094  0.811151
0.288417  0.528764  0.798263
0.316406  0.535456  0.783054
0.345828  0.543444  0.764899
0.377159  0.553166  0.742805
0.411194  0.565392  0.715019
0.449523  0.581736  0.677874
0.496699  0.607076  0.620281
-0.519621  0.574318  0.632577
-0.472367  0.551095  0.687869
-0.433648  0.535683  0.724564
-0.399256  0.524023  0.752326
-0.367631  0.514683  0.774564
-0.337976  0.506963  0.792944
-0.309808  0.500459  0.808430
-0.282808  0.494915  0.821632
-0.256748  0.490155  0.832964
-0.231456  0.486058  0.842719
-0.206799  0.482532  0.851115
-0.182670  0.479508  0.858315
-0.158978  0.476934  0.864442
-0.135649  0.474771  0.869593
-0.112616  0.472986  0.873843
-0.089820  0.471555  0.877251
-0.067208  0.470459  0.879858
-0.044732  0.469686  0.881699
-0.022344  0.469226  0.882795
0.000000  0.469073  0.883159
0.022344  0.469226  0.882795
0.044732  0.469686  0.881699
0.067208  0.470459  0.879858
0.089820  0.471555  0.877251
0.112616  0.472986  0.873843
0.135649  0.474771  0.869593
0.158978  0.476934  0.864442
0.182670  0.479508  0.858315
0.206799  0.482532  0.851115
0.231456  0.486058  0.842719
0.256748  0.490155  0.832964
0.282808  0.494915  0.821632
0.309808  0.500459  0.808430
0.337976  0.506963  0.792944
0.367631  0.514683  0.774564
0.399255  0.524023  0.752327
0.433648  0.535683  0.724564
0.472367  0.551095  0.687869
0.519621  0.574318  0.632576
-0.545454  0.545454  0.636364
-0.496815  0.522963  0.692593
-0.457198  0.507998  0.730006
-0.422155  0.496653  0.758367
-0.390037  0.487547  0.781133
-0.360000  0.480000  0.800000
-0.331535  0.473622  0.815945
-0.304306  0.468164  0.829590
-0.278074  0.463457  0.841357
-0.252660  0.459381  0.851547
-0.227924  0.455848  0.860380
-0.203756  0.452791  0.868023
-0.180063  0.450158  0.874606
-0.156768  0.447909  0.880228
-0.133804  0.446013  0.884969
-0.111111  0.444444  0.888889
-0.088637  0.443185  0.892037
-0.066333  0.442220  0.894450
-0.044154  0.441538  0.896156
-0.022057  0.441131  0.897171
0.000000  0.440996  0.897509
0.022057  0.441131  0.897171
0.044154  0.441538  0.896156
0.066333  0.442220  0.894450
0.088637  0.443185  0.892037
0.111111  0.444444  0.888889
0.133804  0.446013  0.884969
0.156768  0.447909  0.880228
0.180063  0.450158  0.874606
0.203756  0.452791  0.868023
0.227924  0.455848  0.860380
0.252660  0.459381  0.851547
0.278074  0.463457  0.841357
0.304306  0.468164  0.829590
0.331535  0.473622  0.815945
0.360000  0.480000  0.800000
0.390037  0.487547  0.781133
0.422155  0.496653  0.758367
0.457198  0.507998  0.730006
0.496815  0.522963  0.692593
0.545455  0.545455  0.636364
-0.574318  0.519621  0.632577
-0.522963  0.496815  0.692593
-0.481925  0.481925  0.731776
-0.445931  0.470705  0.761303
-0.413116  0.461718  0.784954
-0.382545  0.454272  0.804547
-0.353663  0.447973  0.821122
-0.326106  0.442573  0.835335
-0.299617  0.437902  0.847627
-0.274004  0.433840  0.858315
-0.249122  0.430301  0.867628
-0.224851  0.427217  0.875744
-0.201097  0.424538  0.882795
-0.177778  0.422222  0.888889
-0.154825  0.420239  0.894107
-0.132178  0.418563  0.898518
-0.109783  0.417175  0.902171
-0.087591  0.416058  0.905110
-0.065558  0.415202  0.907364
-0.043642  0.414596  0.908959
-0.021802  0.414235  0.909909
0.000000  0.414115  0.910225
0.021802  0.414235  0.909909
0.043642  0.414596  0.908959
0.065558  0.415202  0.907364
0.087591  0.416058  0.905110
0.109783  0.417175  0.902171
0.132178  0.418563  0.898518
0.154825  0.420239  0.894107
0.177778  0.422222  0.888889
0.201097  0.424538  0.882795
0.224851  0.427217  0.875744
0.249122  0.430301  0.867628
0.274004  0.433840  0.858315
0.299617  0.437902  0.847627
0.326106  0.442573  0.835335
0.353663  0.447973  0.821122
0.382545  0.454272  0.804547
0.413116  0.461718  0.784954
0.445931  0.470705  0.761303
0.481925  0.481925  0.731776
0.522963  0.496815  0.692593
0.574318  0.519621  0.632576
-0.607076  0.496699  0.620281
-0.551095  0.472367  0.687869
-0.507998  0.457198  0.730006
-0.470705  0.445931  0.761303
-0.436965  0.436965  0.786208
-0.405696  0.429560  0.806777
-0.376270  0.423303  0.824157
-0.348281  0.417937  0.839065
-0.321446  0.413288  0.851977
-0.295560  0.409236  0.863232
-0.270461  0.405692  0.873078
-0.246026  0.402588  0.881699
-0.222152  0.399873  0.889241
-0.198753  0.397506  0.895816
-0.175758  0.395456  0.901512
-0.153104  0.393696  0.906401
-0.130735  0.392206  0.910540
-0.108603  0.390969  0.913974
-0.086661  0.389974  0.916739
-0.064868  0.389210  0.918862
-0.043185  0.388669  0.920365
-0.021575  0.388346  0.921261
0.000000  0.388239  0.921559
0.021575  0.388346  0.921261
0.043185  0.388669  0.920365
0.064868  0.389210  0.918862
0.086661  0.389974  0.916739
0.108603  0.390969  0.913974
0.130735  0.392206  0.910540
0.153104  0.393696  0.906401
0.175758  0.395456  0.901512
0.198753  0.397506  0.895816
0.222152  0.399873  0.889241
0.246026  0.402588  0.881699
0.270461  0.405692  0.873078
0.295560  0.409236  0.863232
0.321446  0.413288  0.851977
0.348281  0.417937  0.839065
0.376270  0.423303  0.824157
0.405696  0.429560  0.806777
0.436965  0.436965  0.786208
0.470705  0.445931  0.761303
0.507998  0.457198  0.730006
0.551095  0.472367  0.687869
0.607076  0.496699  0.620281
-0.646175  0.477607  0.595272
-0.581736  0.449523  0.677874
-0.535683  0.433648  0.724564
-0.496653  0.422155  0.758367
-0.461718  0.413116  0.784954
-0.429560  0.405696  0.806777
-0.399446  0.399446  0.825158
-0.370912  0.394094  0.840901
-0.343638  0.389457  0.854538
-0.317397  0.385410  0.866440
-0.292013  0.381863  0.876875
-0.267349  0.378744  0.886046
-0.243296  0.376004  0.894107
-0.219764  0.373598  0.901182
-0.196674  0.371496  0.907364
-0.173963  0.369671  0.912732
-0.151571  0.368102  0.917348
-0.129449  0.366771  0.921261
-0.107549  0.365666  0.924511
-0.085830  0.364775  0.927131
-0.064251  0.364091  0.929145
-0.042777  0.363606  0.930570
-0.021372  0.363317  0.931420
0.000000  0.363221  0.931703
0.021372  0.363317  0.931420
0.042777  0.363606  0.930570
0.064251  0.364091  0.929145
0.085829  0.364775  0.927131
0.107549  0.365666  0.924511
0.129449  0.366771  0.921261
0.151571  0.368102  0.917348
0.173963  0.369671  0.912732
0.196675  0.371496  0.907364
0.219764  0.373598  0.901182
0.243296  0.376004  0.894107
0.267349  0.378744  0.886046
0.292013  0.381863  0.876875
0.317397  0.385410  0.866440
0.343638  0.389457  0.854538
0.370912  0.394094  0.840901
0.399446  0.399446  0.825158
0.429560  0.405696  0.806777
0.461718  0.413116  0.784954
0.496653  0.422155  0.758367
0.535683  0.433648  0.724564
0.581736  0.449523  0.677874
0.646175  0.477607  0.595272
-0.705883  0.470589  0.529410
-0.615843  0.428413  0.661211
-0.565392  0.411194  0.715019
-0.524023  0.399256  0.752326
-0.487547  0.390037  0.781133
-0.454272  0.382545  0.804547
-0.423303  0.376270  0.824157
-0.394094  0.370912  0.840901
-0.366277  0.366277  0.855384
-0.339593  0.362233  0.868023
-0.313847  0.358683  0.879117
-0.288889  0.355556  0.888889
-0.264598  0.352797  0.897509
-0.240876  0.350365  0.905110
-0.217641  0.348225  0.911796
-0.194823  0.346352  0.917652
-0.172361  0.344722  0.922745
-0.150202  0.343318  0.927131
-0.128298  0.342127  0.930854
-0.106605  0.341136  0.933949
-0.085084  0.340337  0.936446
-0.063698  0.339723  0.938366
-0.042411  0.339288  0.939726
-0.021189  0.339028  0.940538
0.000000  0.338942  0.940807
0.021189  0.339028  0.940538
0.042411  0.339288  0.939726
0.063698  0.339723  0.938366
0.085084  0.340337  0.936446
0.106605  0.341136  0.933949
0.128297  0.342127  0.930854
0.150202  0.343318  0.927131
0.172361  0.344722  0.922745
0.194823  0.346352  0.917652
0.217641  0.348225  0.911796
0.240876  0.350365  0.905110
0.264598  0.352797  0.897509
0.288889  0.355556  0.888889
0.313847  0.358683  0.879117
0.339593  0.362233  0.868023
0.366277  0.366277  0.855384
0.394093  0.370912  0.840901
0.423303  0.376270  0.824157
0.454272  0.382545  0.804547
0.487547  0.390038  0.781133
0.524023  0.399256  0.752326
0.565392  0.411194  0.715019
0.615843  0.428413  0.661211
0.705883  0.470589  0.529410
-0.655446  0.409654  0.634487
-0.597779  0.389856  0.700480
-0.553166  0.377159  0.742805
-0.514683  0.367631  0.774564
-0.480000  0.360000  0.800000
-0.447973  0.353663  0.821122
-0.417937  0.348281  0.839065
-0.389457  0.343638  0.854538
-0.362233  0.339593  0.868023
-0.336042  0.336042  0.879858
-0.310717  0.332912  0.890295
-0.286125  0.330144  0.899521
-0.262156  0.327695  0.907684
-0.238722  0.325530  0.914900
-0.215748  0.323622  0.921261
-0.193168  0.321947  0.926842
-0.170927  0.320489  0.931703
-0.148975  0.319232  0.935894
-0.127265  0.318163  0.939455
-0.105758  0.317275  0.942418
-0.084415  0.316557  0.944810
-0.063201  0.316005  0.946650
-0.042082  0.315614  0.947954
-0.021025  0.315380  0.948732
0.000000  0.315303  0.948991
0.021025  0.315380  0.948732
0.042082  0.315614  0.947954
0.063201  0.316005  0.946650
0.084415  0.316557  0.944810
0.105758  0.317274  0.942418
0.127265  0.318163  0.939455
0.148975  0.319232  0.935894
0.170928  0.320489  0.931703
0.193169  0.321947  0.926842
0.215748  0.323622  0.921261
0.238722  0.325530  0.914900
0.262156  0.327695  0.907684
0.286125  0.330144  0.899521
0.310717  0.332912  0.890295
0.336042  0.336042  0.879858
0.362233  0.339593  0.868023
0.389457  0.343638  0.854538
0.417937  0.348281  0.839065
0.447974  0.353663  0.821122
0.480000  0.360000  0.800000
0.514683  0.367631  0.774563
0.553166  0.377159  0.742805
0.597779  0.389856  0.700480
0.655446  0.409654  0.634487
-0.706995  0.395917  0.586010
-0.634000  0.369833  0.679167
-0.584608  0.355848  0.729113
-0.543444  0.345828  0.764899
-0.506963  0.337976  0.792944
-0.473622  0.331535  0.815945
-0.442573  0.326106  0.835335
-0.413288  0.321446  0.851977
-0.385410  0.317397  0.866440
-0.358683  0.313847  0.879117
-0.332912  0.310717  0.890295
-0.307948  0.307948  0.900187
-0.283671  0.305492  0.908959
-0.259983  0.303313  0.916739
-0.236801  0.301383  0.923630
-0.214057  0.299679  0.929716
-0.191689  0.298182  0.935063
-0.169644  0.296877  0.939726
-0.147875  0.295750  0.943751
-0.126339  0.294792  0.947173
-0.104998  0.293994  0.950023
-0.083814  0.293349  0.952324
-0.062754  0.292853  0.954096
-0.041786  0.292501  0.955352
-0.020878  0.292292  0.956101
0.000000  0.292222  0.956351
0.020878  0.292292  0.956101
0.041786  0.292501  0.955352
0.062754  0.292853  0.954096
0.083814  0.293349  0.952324
0.104998  0.293994  0.950023
0.126339  0.294792  0.947173
0.147875  0.295750  0.943751
0.169644  0.296877  0.939726
0.191689  0.298182  0.935063
0.214057  0.299679  0.929716
0.236801  0.301383  0.923630
0.259983  0.303313  0.916739
0.283671  0.305492  0.908959
0.307948  0.307948  0.900187
0.332912  0.310717  0.890295
0.358682  0.313847  0.879117
0.385410  0.317397  0.866440
0.413288  0.321446  0.851977
0.442573  0.326106  0.835335
0.473622  0.331535  0.815945
0.506964  0.337976  0.792944
0.543444  0.345828  0.764899
0.584608  0.355848  0.729113
0.634000  0.369833  0.679167
0.706995  0.395917  0.586010
-0.676512  0.351786  0.646976
-0.619201  0.335401  0.709997
-0.574285  0.324596  0.751555
-0.535456  0.316406  0.783054
-0.500459  0.309808  0.808430
-0.468164  0.304306  0.829590
-0.437902  0.299617  0.847627
-0.409236  0.295560  0.863232
-0.381863  0.292013  0.876875
-0.355556  0.288889  0.888889
-0.330144  0.286125  0.899521
-0.305492  0.283671  0.908959
-0.281490  0.281490  0.917348
-0.258047  0.279551  0.924804
-0.235088  0.277831  0.931420
-0.212546  0.276309  0.937271
-0.190365  0.274971  0.942418
-0.168494  0.273803  0.946912
-0.146889  0.272794  0.950793
-0.125509  0.271935  0.954096
-0.104315  0.271219  0.956848
-0.083274  0.270641  0.959072
-0.062353  0.270196  0.960784
-0.041520  0.269880  0.961998
-0.020746  0.269692  0.962723
0.000000  0.269629  0.962964
0.020746  0.269692  0.962723
0.041520  0.269880  0.961998
0.062353  0.270196  0.960784
0.083274  0.270641  0.959072
0.104315  0.271219  0.956848
0.125508  0.271935  0.954096
0.146889  0.272794  0.950793
0.168494  0.273803  0.946912
0.190365  0.274971  0.942418
0.212546  0.276309  0.937271
0.235088  0.277831  0.931420
0.258047  0.279551  0.924804
0.281490  0.281490  0.917348
0.305492  0.283671  0.908959
0.330144  0.286125  0.899521
0.355555  0.288889  0.888889
0.381862  0.292012  0.876875
0.409236  0.295560  0.863232
0.437902  0.299617  0.847627
0.468164  0.304307  0.829590
0.500459  0.309808  0.808430
0.535456  0.316406  0.783054
0.574285  0.324596  0.751555
0.619201  0.335401  0.709997
0.676512  0.351786  0.646976
-0.733602  0.338586  0.589226
-0.658516  0.316088  0.682968
-0.607907  0.303954  0.733526
-0.565891  0.295247  0.769803
-0.528764  0.288417  0.798263
-0.494915  0.282808  0.821632
-0.463457  0.278074  0.841357
-0.433840  0.274004  0.858315
-0.405692  0.270461  0.873078
-0.378744  0.267349  0.886046
-0.352797  0.264598  0.897509
-0.327695  0.262156  0.907684
-0.303313  0.259983  0.916739
-0.279551  0.258047  0.924804
-0.256324  0.256324  0.931985
-0.233560  0.254792  0.938366
-0.211197  0.253436  0.944016
-0.189182  0.252242  0.948991
-0.167466  0.251199  0.953339
-0.146006  0.250297  0.957096
-0.124764  0.249529  0.960296
-0.103704  0.248889  0.962964
-0.082790  0.248371  0.965121
-0.061993  0.247972  0.966782
-0.041282  0.247690  0.967960
-0.020627  0.247521  0.968663
0.000000  0.247465  0.968897
0.020627  0.247521  0.968663
0.041282  0.247690  0.967960
0.061993  0.247972  0.966782
0.082790  0.248371  0.965121
0.103703  0.248889  0.962964
0.124764  0.249529  0.960296
0.146007  0.250297  0.957096
0.167466  0.251199  0.953339
0.189182  0.252242  0.948991
0.211197  0.253436  0.944016
0.233560  0.254792  0.938366
0.256324  0.256324  0.931985
0.279551  0.258047  0.924804
0.303313  0.259983  0.916739
0.327695  0.262156  0.907684
0.352797  0.264598  0.897509
0.378744  0.267349  0.886046
0.405692  0.270461  0.873078
0.433841  0.274005  0.858315
0.463457  0.278074  0.841357
0.494915  0.282808  0.821632
0.528764  0.288417  0.798263
0.565891  0.295247  0.769803
0.607907  0.303954  0.733526
0.658516  0.316088  0.682968
0.733602  0.338586  0.589226
-0.706264  0.298804  0.641800
-0.645514  0.284026  0.708971
-0.598883  0.274488  0.752326
-0.558921  0.267310  0.784954
-0.523094  0.261547  0.811151
-0.490155  0.256748  0.832964
-0.459381  0.252660  0.851547
-0.430301  0.249122  0.867628
-0.402588  0.246026  0.881699
-0.376004  0.243296  0.894107
-0.350365  0.240876  0.905110
-0.325530  0.238722  0.914900
-0.301383  0.236801  0.923630
-0.277831  0.235088  0.931420
-0.254792  0.233560  0.938366
-0.232200  0.232200  0.944546
-0.209996  0.230995  0.950023
-0.188127  0.229933  0.954850
-0.166548  0.229004  0.959072
-0.145219  0.228201  0.962723
-0.124100  0.227517  0.965834
-0.103157  0.226946  0.968429
-0.082358  0.226484  0.970527
-0.061671  0.226129  0.972143
-0.041068  0.225876  0.973290
-0.020520  0.225726  0.973975
0.000000  0.225675  0.974203
0.020520  0.225726  0.973975
0.041068  0.225876  0.973290
0.061671  0.226129  0.972143
0.082358  0.226484  0.970527
0.103157  0.226946  0.968429
0.124100  0.227517  0.965834
0.145219  0.228201  0.962723
0.166549  0.229004  0.959072
0.188127  0.229933  0.954850
0.209996  0.230995  0.950023
0.232200  0.232200  0.944546
0.254792  0.233560  0.938366
0.277831  0.235088  0.931420
0.301383  0.236801  0.923630
0.325530  0.238722  0.914900
0.350365  0.240876  0.905110
0.376003  0.243296  0.894108
0.402588  0.246026  0.881699
0.430301  0.249122  0.867628
0.459381  0.252660  0.851547
0.490155  0.256748  0.832963
0.523094  0.261547  0.811151
0.558921  0.267310  0.784954
0.598883  0.274488  0.752326
0.645514  0.284026  0.708971
0.706264  0.298804  0.641800
-0.781811  0.289560  0.552202
-0.689564  0.265217  0.673914
-0.635444  0.254178  0.729113
-0.591495  0.246456  0.767720
-0.553067  0.240464  0.797680
-0.518258  0.235572  0.822140
-0.486058  0.231456  0.842719
-0.455848  0.227924  0.860380
-0.427217  0.224851  0.875744
-0.399873  0.222152  0.889241
-0.373598  0.219764  0.901182
-0.348225  0.217641  0.911796
-0.323622  0.215748  0.921261
-0.299679  0.214057  0.929716
-0.276309  0.212546  0.937271
-0.253436  0.211197  0.944016
-0.230995  0.209996  0.950023
-0.208930  0.208930  0.955352
-0.187191  0.207990  0.960052
-0.165734  0.207167  0.964165
-0.144519  0.206455  0.967724
-0.123509  0.205848  0.970758
-0.102671  0.205342  0.973290
-0.081973  0.204933  0.975337
-0.061385  0.204617  0.976915
-0.040879  0.204393  0.978035
-0.020426  0.204259  0.978704
0.000000  0.204215  0.978926
0.020426  0.204259  0.978704
0.040879  0.204393  0.978035
0.061385  0.204617  0.976915
0.081973  0.204933  0.975338
0.102671  0.205342  0.973290
0.123509  0.205848  0.970758
0.144519  0.206455  0.967724
0.165734  0.207167  0.964165
0.187191  0.207990  0.960052
0.208930  0.208930  0.955352
0.230995  0.209996  0.950023
0.253436  0.211197  0.944016
0.276309  0.212546  0.937271
0.299679  0.214057  0.929716
0.323622  0.215748  0.921261
0.348225  0.217641  0.911796
0.373598  0.219764  0.901182
0.399873  0.222152  0.889241
0.427218  0.224851  0.875744
0.455848  0.227924  0.860380
0.486058  0.231456  0.842719
0.518258  0.235572  0.822140
0.553067  0.240464  0.797680
0.591495  0.246456  0.767720
0.635444  0.254178  0.729113
0.689564  0.265217  0.673914
0.781811  0.289560  0.552202
-0.747462  0.249154  0.615810
-0.677479  0.234512  0.697156
-0.627380  0.225857  0.745241
-0.585366  0.219512  0.780488
-0.548122  0.214483  0.808430
-0.514129  0.210325  0.831526
-0.482532  0.206799  0.851115
-0.452791  0.203756  0.868023
-0.424538  0.201097  0.882795
-0.397506  0.198753  0.895816
-0.371496  0.196674  0.907364
-0.346352  0.194823  0.917652
-0.321947  0.193168  0.926842
-0.298182  0.191689  0.935063
-0.274971  0.190365  0.942418
-0.252242  0.189182  0.948991
-0.229933  0.188127  0.954850
-0.207990  0.187191  0.960052
-0.186364  0.186364  0.964643
-0.165014  0.185641  0.968663
-0.143900  0.185014  0.972143
-0.122987  0.184480  0.975111
-0.102241  0.184034  0.977588
-0.081633  0.183673  0.979592
-0.061132  0.183395  0.981137
-0.040711  0.183198  0.982233
-0.020342  0.183080  0.982888
0.000000  0.183041  0.983105
0.020342  0.183080  0.982888
0.040711  0.183198  0.982233
0.061132  0.183395  0.981137
0.081633  0.183673  0.979592
0.102241  0.184034  0.977588
0.122987  0.184480  0.975111
0.143900  0.185014  0.972143
0.165014  0.185641  0.968663
0.186364  0.186364  0.964643
0.207990  0.187191  0.960052
0.229933  0.188127  0.954850
0.252242  0.189182  0.948991
0.274971  0.190365  0.942418
0.298182  0.191689  0.935063
0.321947  0.193168  0.926842
0.346351  0.194823  0.917652
0.371496  0.196674  0.907364
0.397506  0.198753  0.895816
0.424538  0.201097  0.882795
0.452791  0.203756  0.868023
0.482532  0.206799  0.851115
0.514129  0.210325  0.831526
0.548122  0.214483  0.808430
0.585366  0.219512  0.780488
0.627380  0.225857  0.745241
0.677479  0.234512  0.697156
0.747462  0.249154  0.615810
-0.729730  0.216216  0.648649
-0.668190  0.205597  0.715019
-0.620816  0.198661  0.758367
-0.580256  0.193419  0.791134
-0.543943  0.189198  0.817514
-0.510609  0.185676  0.839526
-0.479508  0.182670  0.858315
-0.450158  0.180063  0.874606
-0.422222  0.177778  0.888889
-0.395456  0.175758  0.901512
-0.369671  0.173963  0.912732
-0.344722  0.172361  0.922745
-0.320489  0.170927  0.931703
-0.296877  0.169644  0.939726
-0.273803  0.168494  0.946912
-0.251199  0.167466  0.953339
-0.229004  0.166548  0.959072
-0.207167  0.165734  0.964165
-0.185641  0.165014  0.968663
-0.164384  0.164384  0.972603
-0.143358  0.163838  0.976015
-0.122529  0.163372  0.978926
-0.101864  0.162983  0.981356
-0.081334  0.162668  0.983323
-0.060910  0.162426  0.984839
-0.040563  0.162254  0.985915
-0.020269  0.162151  0.986558
0.000000  0.162117  0.986772
0.020269  0.162151  0.986558
0.040563  0.162254  0.985915
0.060910  0.162426  0.984839
0.081334  0.162668  0.983323
0.101864  0.162983  0.981356
0.122529  0.163372  0.978926
0.143358  0.163838  0.976015
0.164384  0.164384  0.972603
0.185641  0.165014  0.968663
0.207167  0.165734  0.964165
0.229004  0.166548  0.959072
0.251199  0.167466  0.953339
0.273803  0.168494  0.946912
0.296877  0.169644  0.939726
0.320489  0.170927  0.931703
0.344721  0.172361  0.922745
0.369671  0.173963  0.912732
0.395456  0.175758  0.901512
0.422222  0.177778  0.888889
0.450158  0.180063  0.874606
0.479508  0.182670  0.858315
0.510609  0.185676  0.839526
0.543943  0.189198  0.817514
0.580256  0.193419  0.791134
0.620816  0.198661  0.758367
0.668190  0.205597  0.715019
0.729730  0.216216  0.648649
-0.831682  0.207921  0.514853
-0.717550  0.186031  0.671204
-0.660861  0.177924  0.729113
-0.615444  0.172324  0.769112
-0.576000  0.168000  0.800000
-0.540428  0.164478  0.825158
-0.507627  0.161518  0.846302
-0.476934  0.158978  0.864442
-0.447909  0.156768  0.880228
-0.420239  0.154825  0.894107
-0.393696  0.153104  0.906401
-0.368102  0.151571  0.917348
-0.343318  0.150202  0.927131
-0.319232  0.148975  0.935894
-0.295750  0.147875  0.943751
-0.272794  0.146889  0.950793
-0.250297  0.146006  0.957096
-0.228201  0.145219  0.962723
-0.206455  0.144519  0.967724
-0.185014  0.143900  0.972143
-0.163838  0.143358  0.976015
-0.142888  0.142888  0.979370
-0.122132  0.142487  0.982233
-0.101538  0.142153  0.984623
-0.081075  0.141882  0.986558
-0.060717  0.141673  0.988050
-0.040436  0.141525  0.989109
-0.020205  0.141436  0.989741
0.000000  0.141407  0.989951
0.020205  0.141436  0.989741
0.040436  0.141525  0.989109
0.060717  0.141673  0.988050
0.081075  0.141882  0.986558
0.101538  0.142153  0.984623
0.122132  0.142487  0.982233
0.142888  0.142888  0.979370
0.163838  0.143358  0.976015
0.185014  0.143900  0.972143
0.206455  0.144519  0.967724
0.228201  0.145219  0.962723
0.250297  0.146006  0.957096
0.272794  0.146889  0.950793
0.295750  0.147875  0.943751
0.319232  0.148975  0.935894
0.343318  0.150202  0.927131
0.368102  0.151571  0.917348
0.393695  0.153104  0.906401
0.420239  0.154825  0.894107
0.447909  0.156768  0.880228
0.476935  0.158978  0.864442
0.507627  0.161518  0.846302
0.540428  0.164478  0.825158
0.576000  0.168000  0.800000
0.615444  0.172324  0.769112
0.660861  0.177924  0.729113
0.717550  0.186031  0.671204
0.831682  0.207921  0.514853
-0.790033  0.169293  0.589226
-0.708551  0.157456  0.687869
-0.655029  0.151160  0.740330
-0.611060  0.146654  0.777881
-0.572482  0.143120  0.807330
-0.537498  0.140217  0.831526
-0.505130  0.137763  0.851977
-0.474771  0.135649  0.869593
-0.446013  0.133804  0.884969
-0.418563  0.132178  0.898518
-0.392206  0.130735  0.910540
-0.366771  0.129449  0.921261
-0.342127  0.128298  0.930854
-0.318163  0.127265  0.939455
-0.294792  0.126339  0.947173
-0.271935  0.125509  0.954096
-0.249529  0.124764  0.960296
-0.227517  0.124100  0.965834
-0.205848  0.123509  0.970758
-0.184480  0.122987  0.975111
-0.163372  0.122529  0.978926
-0.142487  0.122132  0.982233
-0.121793  0.121793  0.985055
-0.101259  0.121511  0.987412
-0.080854  0.121282  0.989320
-0.060552  0.121105  0.990791
-0.040327  0.120980  0.991835
-0.020151  0.120905  0.992460
0.000000  0.120880  0.992667
0.020151  0.120905  0.992460
0.040327  0.120980  0.991835
0.060552  0.121105  0.990791
0.080854  0.121282  0.989320
0.101259  0.121511  0.987412
0.121793  0.121793  0.985055
0.142488  0.122132  0.982233
0.163372  0.122529  0.978926
0.184480  0.122987  0.975111
0.205848  0.123509  0.970758
0.227517  0.124100  0.965834
0.249529  0.124764  0.960296
0.271935  0.125509  0.954096
0.294792  0.126339  0.947173
0.318163  0.127265  0.939455
0.342127  0.128298  0.930854
0.366771  0.129449  0.921261
0.392205  0.130735  0.910540
0.418564  0.132178  0.898517
0.446013  0.133804  0.884969
0.474771  0.135649  0.869593
0.505130  0.137763  0.851977
0.537498  0.140217  0.831526
0.572482  0.143120  0.807330
0.611060  0.146654  0.777881
0.655029  0.151160  0.740330
0.708551  0.157456  0.687869
0.790033  0.169293  0.589226
-0.773880  0.138193  0.618072
-0.701741  0.129952  0.700480
-0.650407  0.125078  0.749217
-0.607523  0.121505  0.784954
-0.569617  0.118670  0.813298
-0.535099  0.116326  0.836742
-0.503076  0.114335  0.856646
-0.472986  0.112616  0.873843
-0.444444  0.111111  0.888889
-0.417175  0.109783  0.902171
-0.390969  0.108603  0.913974
-0.365666  0.107549  0.924511
-0.341136  0.106605  0.933949
-0.317275  0.105758  0.942418
-0.293994  0.104998  0.950023
-0.271219  0.104315  0.956848
-0.248889  0.103704  0.962964
-0.226946  0.103157  0.968429
-0.205342  0.102671  0.973290
-0.184034  0.102241  0.977588
-0.162983  0.101864  0.981356
-0.142153  0.101538  0.984623
-0.121511  0.101259  0.987412
-0.101026  0.101026  0.989741
-0.080670  0.100837  0.991627
-0.060415  0.100692  0.993082
-0.040235  0.100589  0.994114
-0.020105  0.100527  0.994731
0.000000  0.100506  0.994936
0.020105  0.100527  0.994731
0.040235  0.100589  0.994114
0.060415  0.100692  0.993082
0.080670  0.100837  0.991627
0.101026  0.101026  0.989741
0.121510  0.101259  0.987412
0.142153  0.101538  0.984623
0.162983  0.101864  0.981356
0.184034  0.102241  0.977588
0.205342  0.102671  0.973290
0.226946  0.103157  0.968429
0.248889  0.103704  0.962964
0.271219  0.104315  0.956848
0.293994  0.104998  0.950023
0.317275  0.105758  0.942418
0.341136  0.106605  0.933949
0.365666  0.107549  0.924511
0.390969  0.108603  0.913974
0.417175  0.109783  0.902171
0.444445  0.111111  0.888889
0.472986  0.112616  0.873843
0.503076  0.114335  0.856646
0.535099  0.116326  0.836742
0.569617  0.118670  0.813298
0.607523  0.121505  0.784954
0.650407  0.125078  0.749217
0.701741  0.129952  0.700480
0.773880  0.138193  0.618072
-0.763636  0.109091  0.636364
-0.696601  0.103200  0.709997
-0.646813  0.099510  0.756129
-0.604737  0.096758  0.790526
-0.567343  0.094557  0.818035
-0.533186  0.092728  0.840901
-0.501433  0.091170  0.860380
-0.471555  0.089820  0.877251
-0.443185  0.088637  0.892037
-0.416058  0.087591  0.905110
-0.389974  0.086661  0.916739
-0.364775  0.085830  0.927131
-0.340337  0.085084  0.936446
-0.316557  0.084415  0.944810
-0.293349  0.083814  0.952324
-0.270641  0.083274  0.959072
-0.248371  0.082790  0.965121
-0.226484  0.082358  0.970527
-0.204933  0.081973  0.975337
-0.183673  0.081633  0.979592
-0.162668  0.081334  0.983323
-0.141882  0.081075  0.986558
-0.121282  0.080854  0.989320
-0.100837  0.080670  0.991627
-0.080520  0.080520  0.993495
-0.060304  0.080405  0.994936
-0.040162  0.080323  0.995959
-0.020069  0.080274  0.996571
0.000000  0.080258  0.996774
0.020069  0.080274  0.996571
0.040162  0.080323  0.995959
0.060304  0.080405  0.994936
0.080520  0.080520  0.993495
0.100837  0.080670  0.991627
0.121282  0.080854  0.989320
0.141882  0.081075  0.986558
0.162668  0.081334  0.983323
0.183674  0.081633  0.979592
0.204933  0.081973  0.975337
0.226484  0.082358  0.970527
0.248371  0.082790  0.965121
0.270641  0.083274  0.959072
0.293349  0.083814  0.952324
0.316557  0.084415  0.944810
0.340337  0.085084  0.936446
0.364775  0.085830  0.927131
0.389974  0.086661  0.916739
0.416059  0.087591  0.905110
0.443185  0.088637  0.892037
0.471555  0.089820  0.877250
0.501433  0.091170  0.860380
0.533186  0.092728  0.840901
0.567343  0.094557  0.818035
0.604737  0.096758  0.790526
0.646813  0.099510  0.756129
0.696601  0.103200  0.709997
0.763636  0.109091  0.636364
-0.756757  0.081081  0.648649
-0.692832  0.076981  0.716979
-0.644122  0.074322  0.761303
-0.602632  0.072316  0.794736
-0.565617  0.070702  0.821632
-0.531727  0.069356  0.844071
-0.500178  0.068206  0.863232
-0.470459  0.067208  0.879858
-0.442220  0.066333  0.894450
-0.415202  0.065558  0.907364
-0.389210  0.064868  0.918862
-0.364091  0.064251  0.929145
-0.339723  0.063698  0.938366
-0.316005  0.063201  0.946650
-0.292853  0.062754  0.954096
-0.270196  0.062353  0.960784
-0.247972  0.061993  0.966782
-0.226129  0.061671  0.972143
-0.204617  0.061385  0.976915
-0.183395  0.061132  0.981137
-0.162426  0.060910  0.984839
-0.141673  0.060717  0.988050
-0.121105  0.060552  0.990791
-0.100692  0.060415  0.993082
-0.080405  0.060304  0.994936
-0.060218  0.060218  0.996367
-0.040105  0.060157  0.997383
-0.020040  0.060121  0.997990
0.000000  0.060108  0.998192
0.020040  0.060121  0.997990
0.040105  0.060157  0.997383
0.060218  0.060218  0.996367
0.080405  0.060304  0.994936
0.100692  0.060415  0.993082
0.121105  0.060552  0.990791
0.141673  0.060717  0.988050
0.162426  0.060910  0.984839
0.183395  0.061132  0.981137
0.204617  0.061385  0.976915
0.226129  0.061671  0.972143
0.247972  0.061993  0.966782
0.270196  0.062353  0.960784
0.292853  0.062754  0.954096
0.316005  0.063201  0.946650
0.339723  0.063698  0.938366
0.364091  0.064251  0.929145
0.389209  0.064868  0.918862
0.415202  0.065558  0.907364
0.442220  0.066333  0.894450
0.470460  0.067208  0.879858
0.500178  0.068206  0.863232
0.531727  0.069356  0.844071
0.565617  0.070702  0.821632
0.602632  0.072316  0.794736
0.644122  0.074322  0.761303
0.692832  0.076981  0.716979
0.756757  0.081081  0.648649
-0.752271  0.053734  0.656659
-0.690247  0.051129  0.721765
-0.642252  0.049404  0.764899
-0.601160  0.048093  0.797680
-0.564404  0.047034  0.824157
-0.530701  0.046148  0.846302
-0.499293  0.045390  0.865243
-0.469686  0.044732  0.881699
-0.441538  0.044154  0.896156
-0.414596  0.043642  0.908959
-0.388669  0.043185  0.920365
-0.363606  0.042777  0.930570
-0.339288  0.042411  0.939726
-0.315614  0.042082  0.947954
-0.292501  0.041786  0.955352
-0.269880  0.041520  0.961998
-0.247690  0.041282  0.967960
-0.225876  0.041068  0.973290
-0.204393  0.040879  0.978035
-0.183198  0.040711  0.982233
-0.162254  0.040563  0.985915
-0.141525  0.040436  0.989109
-0.120980  0.040327  0.991835
-0.100589  0.040235  0.994114
-0.080323  0.040162  0.995959
-0.060157  0.040105  0.997383
-0.040064  0.040064  0.998394
-0.020020  0.040040  0.998997
0.000000  0.040032  0.999198
0.020020  0.040040  0.998997
0.040064  0.040064  0.998394
0.060157  0.040105  0.997383
0.080323  0.040162  0.995959
0.100588  0.040235  0.994114
0.120980  0.040327  0.991835
0.141525  0.040436  0.989109
0.162254  0.040563  0.985915
0.183198  0.040711  0.982233
0.204393  0.040879  0.978035
0.225876  0.041068  0.973290
0.247690  0.041282  0.967960
0.269880  0.041520  0.961998
0.292501  0.041786  0.955352
0.315614  0.042082  0.947954
0.339288  0.042411  0.939726
0.363606  0.042777  0.930570
0.388669  0.043185  0.920365
0.414596  0.043642  0.908959
0.441538  0.044154  0.896155
0.469686  0.044732  0.881699
0.499293  0.045390  0.865243
0.530701  0.046148  0.846302
0.564404  0.047034  0.824157
0.601160  0.048093  0.797680
0.642252  0.049404  0.764899
0.690247  0.051129  0.721765
0.752271  0.053734  0.656659
-0.749721  0.026776  0.661212
-0.688736  0.025509  0.724564
-0.641150  0.024660  0.767019
-0.600289  0.024012  0.799423
-0.563685  0.023487  0.825656
-0.530092  0.023047  0.847627
-0.498767  0.022671  0.866440
-0.469226  0.022344  0.882795
-0.441131  0.022057  0.897171
-0.414235  0.021802  0.909909
-0.388346  0.021575  0.921261
-0.363317  0.021372  0.931420
-0.339028  0.021189  0.940538
-0.315380  0.021025  0.948732
-0.292292  0.020878  0.956101
-0.269692  0.020746  0.962723
-0.247521  0.020627  0.968663
-0.225726  0.020520  0.973975
-0.204259  0.020426  0.978704
-0.183080  0.020342  0.982888
-0.162151  0.020269  0.986558
-0.141436  0.020205  0.989741
-0.120905  0.020151  0.992460
-0.100527  0.020105  0.994731
-0.080274  0.020069  0.996571
-0.060121  0.020040  0.997990
-0.040040  0.020020  0.998997
-0.020008  0.020008  0.999600
0.000000  0.020004  0.999800
0.020008  0.020008  0.999600
0.040040  0.020020  0.998997
0.060121  0.020040  0.997990
0.080274  0.020069  0.996571
0.100527  0.020105  0.994731
0.120905  0.020151  0.992460
0.141436  0.020205  0.989741
0.162151  0.020269  0.986558
0.183080  0.020342  0.982888
0.204259  0.020426  0.978704
0.225726  0.020520  0.973975
0.247521  0.020627  0.968663
0.269692  0.020746  0.962723
0.292292  0.020878  0.956101
0.315380  0.021025  0.948732
0.339028  0.021189  0.940538
0.363317  0.021372  0.931420
0.388346  0.021575  0.921261
0.414235  0.021802  0.909909
0.441132  0.022057  0.897171
0.469226  0.022344  0.882795
0.498767  0.022671  0.866440
0.530092  0.023047  0.847627
0.563685  0.023487  0.825656
0.600289  0.024012  0.799423
0.641150  0.024660  0.767019
0.688736  0.025509  0.724564
0.749721  0.026776  0.661212
-0.748893  0.000000  0.662691
-0.688238  0.000000  0.725485
-0.640786  0.000000  0.767720
-0.600000  0.000000  0.800000
-0.563447  0.000000  0.826152
-0.529889  0.000000  0.848067
-0.498592  0.000000  0.866837
-0.469073  0.000000  0.883159
-0.440996  0.000000  0.897509
-0.414115  0.000000  0.910225
-0.388239  0.000000  0.921559
-0.363221  0.000000  0.931703
-0.338942  0.000000  0.940807
-0.315303  0.000000  0.948991
-0.292222  0.000000  0.956351
-0.269629  0.000000  0.962964
-0.247465  0.000000  0.968897
-0.225675  0.000000  0.974203
-0.204215  0.000000  0.978926
-0.183041  0.000000  0.983105
-0.162117  0.000000  0.986772
-0.141407  0.000000  0.989951
-0.120880  0.000000  0.992667
-0.100506  0.000000  0.994936
-0.080258  0.000000  0.996774
-0.060108  0.000000  0.998192
-0.040032  0.000000  0.999198
-0.020004  0.000000  0.999800
0.000000  0.000000  1.000000
0.020004  0.000000  0.999800
0.040032  0.000000  0.999198
0.060108  0.000000  0.998192
0.080258  0.000000  0.996774
0.100506  0.000000  0.994936
0.120880  0.000000  0.992667
0.141407  0.000000  0.989951
0.162117  0.000000  0.986771
0.183041  0.000000  0.983105
0.204215  0.000000  0.978926
0.225675  0.000000  0.974203
0.247465  0.000000  0.968897
0.269629  0.000000  0.962964
0.292222  0.000000  0.956351
0.315303  0.000000  0.948991
0.338942  0.000000  0.940807
0.363221  0.000000  0.931703
0.388239  0.000000  0.921559
0.414115  0.000000  0.910225
0.440997  0.000000  0.897509
0.469073  0.000000  0.883159
0.498592  0.000000  0.866837
0.529889  0.000000  0.848067
0.563447  0.000000  0.826152
0.600000  0.000000  0.800000
0.640786  0.000000  0.767720
0.688238  0.000000  0.725485
0.748893  0.000000  0.662691
-0.749721  -0.026776  0.661212
-0.688736  -0.025509  0.724564
-0.641150  -0.024660  0.767019
-0.600289  -0.024012  0.799423
-0.563685  -0.023487  0.825656
-0.530092  -0.023047  0.847627
-0.498767  -0.022671  0.866440
-0.469226  -0.022344  0.882795
-0.441131  -0.022057  0.897171
-0.414235  -0.021802  0.909909
-0.388346  -0.021575  0.921261
-0.363317  -0.021372  0.931420
-0.339028  -0.021189  0.940538
-0.315380  -0.021025  0.948732
-0.292292  -0.020878  0.956101
-0.269692  -0.020746  0.962723
-0.247521  -0.020627  0.968663
-0.225726  -0.020520  0.973975
-0.204259  -0.020426  0.978704
-0.183080  -0.020342  0.982888
-0.162151  -0.020269  0.986558
-0.141436  -0.020205  0.989741
-0.120905  -0.020151  0.992460
-0.100527  -0.020105  0.994731
-0.080274  -0.020069  0.996571
-0.060121  -0.020040  0.997990
-0.040040  -0.020020  0.998997
-0.020008  -0.020008  0.999600
0.000000  -0.020004  0.999800
0.020008  -0.020008  0.999600
0.040040  -0.020020  0.998997
0.060121  -0.020040  0.997990
0.080274  -0.020069  0.996571
0.100527  -0.020105  0.994731
0.120905  -0.020151  0.992460
0.141436  -0.020205  0.989741
0.162151  -0.020269  0.986558
0.183080  -0.020342  0.982888
0.204259  -0.020426  0.978704
0.225726  -0.020520  0.973975
0.247521  -0.020627  0.968663
0.269692  -0.020746  0.962723
0.292292  -0.020878  0.956101
0.315380  -0.021025  0.948732
0.339028  -0.021189  0.940538
0.363317  -0.021372  0.931420
0.388346  -0.021575  0.921261
0.414235  -0.021802  0.909909
0.441132  -0.022057  0.897171
0.469226  -0.022344  0.882795
0.498767  -0.022671  0.866440
0.530092  -0.023047  0.847627
0.563685  -0.023487  0.825656
0.600289  -0.024012  0.799423
0.641150  -0.024660  0.767019
0.688736  -0.025509  0.724564
0.749721  -0.026776  0.661212
-0.752271  -0.053734  0.656659
-0.690247  -0.051129  0.721765
-0.642252  -0.049404  0.764899
-0.601160  -0.048093  0.797680
-0.564404  -0.047034  0.824157
-0.530701  -0.046148  0.846302
-0.499293  -0.045390  0.865243
-0.469686  -0.044732  0.881699
-0.441538  -0.044154  0.896156
-0.414596  -0.043642  0.908959
-0.388669  -0.043185  0.920365
-0.363606  -0.042777  0.930570
-0.339288  -0.042411  0.939726
-0.315614  -0.042082  0.947954
-0.292502  -0.041786  0.955352
-0.269880  -0.041520  0.961998
-0.247690  -0.041282  0.967960
-0.225876  -0.041068  0.973290
-0.204393  -0.040879  0.978035
-0.183198  -0.040711  0.982233
-0.162254  -0.040563  0.985915
-0.141525  -0.040436  0.989109
-0.120980  -0.040327  0.991835
-0.100589  -0.040235  0.994114
-0.080323  -0.040162  0.995959
-0.060157  -0.040105  0.997383
-0.040064  -0.040064  0.998394
-0.020020  -0.040040  0.998997
0.000000  -0.040032  0.999198
0.020020  -0.040040  0.998997
0.040064  -0.040064  0.998394
0.060157  -0.040105  0.997383
0.080323  -0.040162  0.995959
0.100588  -0.040235  0.994114
0.120980  -0.040327  0.991835
0.141525  -0.040436  0.989109
0.162254  -0.040563  0.985915
0.183198  -0.040711  0.982233
0.204393  -0.040879  0.978035
0.225876  -0.041068  0.973290
0.247690  -0.041282  0.967960
0.269880  -0.041520  0.961998
0.292502  -0.041786  0.955352
0.315614  -0.042082  0.947954
0.339288  -0.042411  0.939726
0.363606  -0.042777  0.930570
0.388669  -0.043185  0.920365
0.414596  -0.043642  0.908959
0.441538  -0.044154  0.896155
0.469686  -0.044732  0.881699
0.499293  -0.045390  0.865243
0.530701  -0.046148  0.846302
0.564404  -0.047034  0.824157
0.601160  -0.048093  0.797680
0.642252  -0.049404  0.764899
0.690247  -0.051129  0.721765
0.752271  -0.053734  0.656659
-0.756757  -0.081081  0.648649
-0.692832  -0.076981  0.716979
-0.644122  -0.074322  0.761303
-0.602632  -0.072316  0.794736
-0.565617  -0.070702  0.821632
-0.531727  -0.069356  0.844071
-0.500178  -0.068206  0.863232
-0.470459  -0.067208  0.879858
-0.442220  -0.066333  0.894450
-0.415202  -0.065558  0.907364
-0.389210  -0.064868  0.918862
-0.364091  -0.064251  0.929145
-0.339723  -0.063698  0.938366
-0.316005  -0.063201  0.946650
-0.292853  -0.062754  0.954096
-0.270196  -0.062353  0.960784
-0.247972  -0.061993  0.966782
-0.226129  -0.061671  0.972143
-0.204617  -0.061385  0.976915
-0.183395  -0.061132  0.981137
-0.162426  -0.060910  0.984839
-0.141673  -0.060717  0.988050
-0.121105  -0.060553  0.990791
-0.100692  -0.060415  0.993082
-0.080405  -0.060304  0.994936
-0.060218  -0.060218  0.996367
-0.040105  -0.060157  0.997383
-0.020040  -0.060121  0.997990
0.000000  -0.060108  0.998192
0.020040  -0.060121  0.997990
0.040105  -0.060157  0.997383
0.060218  -0.060218  0.996367
0.080405  -0.060304  0.994936
0.100692  -0.060415  0.993082
0.121105  -0.060553  0.990791
0.141673  -0.060717  0.988050
0.162426  -0.060910  0.984839
0.183395  -0.061132  0.981137
0.204617  -0.061385  0.976915
0.226129  -0.061671  0.972143
0.247972  -0.061993  0.966782
0.270196  -0.062353  0.960784
0.292853  -0.062754  0.954096
0.316005  -0.063201  0.946650
0.339723  -0.063698  0.938366
0.364091  -0.064251  0.929145
0.389209  -0.064868  0.918862
0.415202  -0.065558  0.907364
0.442220  -0.066333  0.894450
0.470460  -0.067208  0.879858
0.500178  -0.068206  0.863232
0.531727  -0.069356  0.844071
0.565617  -0.070702  0.821632
0.602632  -0.072316  0.794736
0.644122  -0.074322  0.761303
0.692832  -0.076981  0.716979
0.756757  -0.081081  0.648649
-0.763636  -0.109091  0.636364
-0.696601  -0.103200  0.709997
-0.646813  -0.099510  0.756129
-0.604737  -0.096758  0.790526
-0.567343  -0.094557  0.818035
-0.533186  -0.092728  0.840901
-0.501433  -0.091170  0.860380
-0.471555  -0.089820  0.877251
-0.443185  -0.088637  0.892037
-0.416058  -0.087591  0.905110
-0.389974  -0.086661  0.916739
-0.364775  -0.085829  0.927131
-0.340337  -0.085084  0.936446
-0.316557  -0.084415  0.944810
-0.293349  -0.083814  0.952324
-0.270641  -0.083274  0.959072
-0.248371  -0.082790  0.965121
-0.226484  -0.082358  0.970527
-0.204933  -0.081973  0.975337
-0.183673  -0.081633  0.979592
-0.162668  -0.081334  0.983323
-0.141882  -0.081075  0.986558
-0.121282  -0.080854  0.989320
-0.100837  -0.080670  0.991627
-0.080520  -0.080520  0.993495
-0.060304  -0.080405  0.994936
-0.040162  -0.080323  0.995959
-0.020069  -0.080274  0.996571
0.000000  -0.080258  0.996774
0.020069  -0.080274  0.996571
0.040162  -0.080323  0.995959
0.060304  -0.080405  0.994936
0.080520  -0.080520  0.993495
0.100837  -0.080670  0.991627
0.121282  -0.080854  0.989320
0.141882  -0.081075  0.986558
0.162668  -0.081334  0.983323
0.183674  -0.081633  0.979592
0.204933  -0.081973  0.975337
0.226484  -0.082358  0.970527
0.248371  -0.082790  0.965121
0.270641  -0.083274  0.959072
0.293349  -0.083814  0.952324
0.316557  -0.084415  0.944810
0.340337  -0.085084  0.936446
0.364775  -0.085829  0.927131
0.389974  -0.086661  0.916739
0.416059  -0.087591  0.905110
0.443185  -0.088637  0.892037
0.471555  -0.089820  0.877250
0.501433  -0.091170  0.860380
0.533186  -0.092728  0.840901
0.567343  -0.094557  0.818035
0.604737  -0.096758  0.790526
0.646813  -0.099510  0.756129
0.696601  -0.103200  0.709997
0.763636  -0.109091  0.636364
-0.773880  -0.138193  0.618072
-0.701741  -0.129952  0.700480
-0.650407  -0.125078  0.749217
-0.607523  -0.121505  0.784954
-0.569617  -0.118670  0.813298
-0.535099  -0.116326  0.836742
-0.503076  -0.114335  0.856646
-0.472986  -0.112616  0.873843
-0.444444  -0.111111  0.888889
-0.417175  -0.109783  0.902171
-0.390969  -0.108603  0.913974
-0.365666  -0.107549  0.924511
-0.341136  -0.106605  0.933949
-0.317275  -0.105758  0.942418
-0.293994  -0.104998  0.950023
-0.271219  -0.104315  0.956848
-0.248889  -0.103704  0.962964
-0.226946  -0.103157  0.968429
-0.205342  -0.102671  0.973290
-0.184034  -0.102241  0.977588
-0.162983  -0.101864  0.981356
-0.142153  -0.101538  0.984623
-0.121511  -0.101259  0.987412
-0.101026  -0.101026  0.989741
-0.080670  -0.100837  0.991627
-0.060415  -0.100692  0.993082
-0.040235  -0.100589  0.994114
-0.020105  -0.100527  0.994731
0.000000  -0.100506  0.994936
0.020105  -0.100527  0.994731
0.040235  -0.100589  0.994114
0.060415  -0.100692  0.993082
0.080670  -0.100837  0.991627
0.101026  -0.101026  0.989741
0.121510  -0.101259  0.987412
0.142153  -0.101538  0.984623
0.162983  -0.101864  0.981356
0.184034  -0.102241  0.977588
0.205342  -0.102671  0.973290
0.226946  -0.103157  0.968429
0.248889  -0.103704  0.962964
0.271219  -0.104315  0.956848
0.293994  -0.104998  0.950023
0.317275  -0.105758  0.942418
0.341136  -0.106605  0.933949
0.365666  -0.107549  0.924511
0.390969  -0.108603  0.913974
0.417175  -0.109783  0.902171
0.444445  -0.111111  0.888889
0.472986  -0.112616  0.873843
0.503076  -0.114335  0.856646
0.535099  -0.116326  0.836742
0.569617  -0.118670  0.813298
0.607523  -0.121505  0.784954
0.650407  -0.125078  0.749217
0.701741  -0.129952  0.700480
0.773880  -0.138193  0.618072
-0.790033  -0.169293  0.589226
-0.708551  -0.157456  0.687869
-0.655029  -0.151160  0.740330
-0.611060  -0.146654  0.777881
-0.572482  -0.143120  0.807330
-0.537498  -0.140217  0.831526
-0.505130  -0.137763  0.851977
-0.474771  -0.135649  0.869593
-0.446013  -0.133804  0.884969
-0.418563  -0.132178  0.898518
-0.392206  -0.130735  0.910540
-0.366771  -0.129449  0.921261
-0.342127  -0.128298  0.930854
-0.318163  -0.127265  0.939455
-0.294792  -0.126339  0.947173
-0.271935  -0.125509  0.954096
-0.249529  -0.124764  0.960296
-0.227517  -0.124100  0.965834
-0.205848  -0.123509  0.970758
-0.184480  -0.122987  0.975111
-0.163372  -0.122529  0.978926
-0.142487  -0.122132  0.982233
-0.121793  -0.121793  0.985055
-0.101259  -0.121511  0.987412
-0.080854  -0.121282  0.989320
-0.060552  -0.121105  0.990791
-0.040327  -0.120980  0.991835
-0.020151  -0.120905  0.992460
0.000000  -0.120880  0.992667
0.020151  -0.120905  0.992460
0.040327  -0.120980  0.991835
0.060552  -0.121105  0.990791
0.080854  -0.121282  0.989320
0.101259  -0.121511  0.987412
0.121793  -0.121793  0.985055
0.142488  -0.122132  0.982233
0.163372  -0.122529  0.978926
0.184480  -0.122987  0.975111
0.205848  -0.123509  0.970758
0.227517  -0.124100  0.965834
0.249529  -0.124764  0.960296
0.271935  -0.125509  0.954096
0.294792  -0.126339  0.947173
0.318163  -0.127265  0.939455
0.342127  -0.128298  0.930854
0.366771  -0.129449  0.921261
0.392205  -0.130735  0.910540
0.418564  -0.132178  0.898517
0.446013  -0.133804  0.884969
0.474771  -0.135649  0.869593
0.505130  -0.137763  0.851977
0.537498  -0.140217  0.831526
0.572482  -0.143120  0.807330
0.611060  -0.146654  0.777881
0.655029  -0.151160  0.740330
0.708551  -0.157456  0.687869
0.790033  -0.169293  0.589226
-0.831682  -0.207921  0.514853
-0.717550  -0.186031  0.671204
-0.660861  -0.177924  0.729113
-0.615444  -0.172324  0.769112
-0.576000  -0.168000  0.800000
-0.540428  -0.164478  0.825158
-0.507627  -0.161518  0.846302
-0.476934  -0.158978  0.864442
-0.447909  -0.156768  0.880228
-0.420239  -0.154825  0.894107
-0.393696  -0.153104  0.906401
-0.368102  -0.151571  0.917348
-0.343318  -0.150202  0.927131
-0.319232  -0.148975  0.935894
-0.295750  -0.147875  0.943751
-0.272794  -0.146889  0.950793
-0.250297  -0.146006  0.957096
-0.228201  -0.145219  0.962723
-0.206455  -0.144519  0.967724
-0.185014  -0.143900  0.972143
-0.163838  -0.143358  0.976015
-0.142888  -0.142888  0.979370
-0.122132  -0.142487  0.982233
-0.101538  -0.142153  0.984623
-0.081075  -0.141882  0.986558
-0.060717  -0.141673  0.988050
-0.040436  -0.141525  0.989109
-0.020205  -0.141436  0.989741
0.000000  -0.141407  0.989951
0.020205  -0.141436  0.989741
0.040436  -0.141525  0.989109
0.060717  -0.141673  0.988050
0.081075  -0.141882  0.986558
0.101538  -0.142153  0.984623
0.122132  -0.142487  0.982233
0.142888  -0.142888  0.979370
0.163838  -0.143358  0.976015
0.185014  -0.143900  0.972143
0.206455  -0.144519  0.967724
0.228201  -0.145219  0.962723
0.250297  -0.146006  0.957096
0.272794  -0.146889  0.950793
0.295750  -0.147875  0.943751
0.319232  -0.148975  0.935894
0.343318  -0.150202  0.927131
0.368102  -0.151571  0.917348
0.393695  -0.153104  0.906401
0.420239  -0.154825  0.894107
0.447909  -0.156768  0.880228
0.476935  -0.158978  0.864442
0.507627  -0.161518  0.846302
0.540428  -0.164478  0.825158
0.576000  -0.168000  0.800000
0.615444  -0.172324  0.769112
0.660861  -0.177924  0.729113
0.717550  -0.186031  0.671204
0.831682  -0.207921  0.514853
-0.729730  -0.216216  0.648649
-0.668190  -0.205597  0.715019
-0.620816  -0.198661  0.758367
-0.580256  -0.193419  0.791134
-0.543943  -0.189198  0.817514
-0.510609  -0.185676  0.839526
-0.479508  -0.182670  0.858315
-0.450158  -0.180063  0.874606
-0.422222  -0.177778  0.888889
-0.395456  -0.175758  0.901512
-0.369671  -0.173963  0.912732
-0.344722  -0.172361  0.922745
-0.320489  -0.170928  0.931703
-0.296877  -0.169644  0.939726
-0.273803  -0.168494  0.946912
-0.251199  -0.167466  0.953339
-0.229004  -0.166549  0.959072
-0.207167  -0.165734  0.964165
-0.185641  -0.165014  0.968663
-0.164384  -0.164384  0.972603
-0.143358  -0.163838  0.976015
-0.122529  -0.163372  0.978926
-0.101864  -0.162983  0.981356
-0.081334  -0.162668  0.983323
-0.060910  -0.162426  0.984839
-0.040563  -0.162254  0.985915
-0.020269  -0.162151  0.986558
0.000000  -0.162117  0.986772
0.020269  -0.162151  0.986558
0.040563  -0.162254  0.985915
0.060910  -0.162426  0.984839
0.081334  -0.162668  0.983323
0.101864  -0.162983  0.981356
0.122529  -0.163372  0.978926
0.143358  -0.163838  0.976015
0.164384  -0.164384  0.972603
0.185641  -0.165014  0.968663
0.207167  -0.165734  0.964165
0.229004  -0.166549  0.959072
0.251199  -0.167466  0.953339
0.273803  -0.168494  0.946912
0.296877  -0.169644  0.939726
0.320489  -0.170928  0.931703
0.344721  -0.172361  0.922745
0.369671  -0.173963  0.912732
0.395456  -0.175758  0.901512
0.422222  -0.177778  0.888889
0.450158  -0.180063  0.874606
0.479508  -0.182670  0.858315
0.510609  -0.185676  0.839526
0.543943  -0.189198  0.817514
0.580256  -0.193419  0.791134
0.620816  -0.198661  0.758367
0.668190  -0.205597  0.715019
0.729730  -0.216216  0.648649
-0.747463  -0.249154  0.615809
-0.677479  -0.234512  0.697156
-0.627380  -0.225857  0.745241
-0.585366  -0.219512  0.780488
-0.548122  -0.214483  0.808430
-0.514129  -0.210325  0.831526
-0.482532  -0.206799  0.851115
-0.452791  -0.203756  0.868023
-0.424538  -0.201097  0.882795
-0.397506  -0.198753  0.895816
-0.371496  -0.196674  0.907364
-0.346352  -0.194823  0.917652
-0.321947  -0.193168  0.926842
-0.298182  -0.191689  0.935063
-0.274971  -0.190365  0.942418
-0.252242  -0.189182  0.948991
-0.229933  -0.188127  0.954850
-0.207990  -0.187191  0.960052
-0.186364  -0.186364  0.964643
-0.165014  -0.185641  0.968663
-0.143900  -0.185014  0.972143
-0.122987  -0.184480  0.975111
-0.102241  -0.184034  0.977588
-0.081633  -0.183673  0.979592
-0.061132  -0.183395  0.981137
-0.040711  -0.183198  0.982233
-0.020342  -0.183080  0.982888
0.000000  -0.183041  0.983105
0.020342  -0.183080  0.982888
0.040711  -0.183198  0.982233
0.061132  -0.183395  0.981137
0.081633  -0.183673  0.979592
0.102241  -0.184034  0.977588
0.122987  -0.184480  0.975111
0.143900  -0.185014  0.972143
0.165014  -0.185641  0.968663
0.186364  -0.186364  0.964643
0.207990  -0.187191  0.960052
0.229933  -0.188127  0.954850
0.252242  -0.189182  0.948991
0.274971  -0.190365  0.942418
0.298182  -0.191689  0.935063
0.321947  -0.193168  0.926842
0.346351  -0.194823  0.917652
0.371496  -0.196674  0.907364
0.397506  -0.198753  0.895816
0.424538  -0.201097  0.882795
0.452791  -0.203756  0.868023
0.482532  -0.206799  0.851115
0.514129  -0.210325  0.831526
0.548122  -0.214483  0.808430
0.585366  -0.219512  0.780488
0.627380  -0.225857  0.745241
0.677479  -0.234512  0.697156
0.747463  -0.249154  0.615809
-0.781811  -0.289560  0.552202
-0.689564  -0.265217  0.673914
-0.635444  -0.254177  0.729113
-0.591495  -0.246456  0.767720
-0.553067  -0.240464  0.797680
-0.518258  -0.235572  0.822140
-0.486058  -0.231456  0.842719
-0.455848  -0.227924  0.860380
-0.427217  -0.224851  0.875744
-0.399873  -0.222152  0.889241
-0.373598  -0.219764  0.901182
-0.348225  -0.217641  0.911796
-0.323622  -0.215748  0.921261
-0.299679  -0.214057  0.929716
-0.276309  -0.212546  0.937271
-0.253436  -0.211197  0.944016
-0.230995  -0.209995  0.950023
-0.208930  -0.208930  0.955352
-0.187191  -0.207990  0.960052
-0.165734  -0.207167  0.964165
-0.144519  -0.206455  0.967724
-0.123509  -0.205848  0.970758
-0.102671  -0.205342  0.973290
-0.081973  -0.204932  0.975338
-0.061385  -0.204617  0.976915
-0.040879  -0.204393  0.978035
-0.020426  -0.204259  0.978704
0.000000  -0.204215  0.978926
0.020426  -0.204259  0.978704
0.040879  -0.204393  0.978035
0.061385  -0.204617  0.976915
0.081973  -0.204932  0.975338
0.102671  -0.205342  0.973290
0.123509  -0.205848  0.970758
0.144519  -0.206455  0.967724
0.165734  -0.207167  0.964165
0.187191  -0.207990  0.960052
0.208930  -0.208930  0.955352
0.230995  -0.209995  0.950023
0.253436  -0.211197  0.944016
0.276309  -0.212546  0.937271
0.299679  -0.214057  0.929716
0.323622  -0.215748  0.921261
0.348225  -0.217641  0.911796
0.373598  -0.219764  0.901182
0.399873  -0.222152  0.889241
0.427218  -0.224851  0.875744
0.455848  -0.227924  0.860380
0.486058  -0.231456  0.842719
0.518258  -0.235572  0.822140
0.553067  -0.240464  0.797680
0.591495  -0.246456  0.767720
0.635444  -0.254177  0.729113
0.689564  -0.265217  0.673914
0.781811  -0.289560  0.552202
-0.706264  -0.298804  0.641800
-0.645514  -0.284026  0.708971
-0.598883  -0.274488  0.752326
-0.558921  -0.267310  0.784954
-0.523094  -0.261547  0.811151
-0.490155  -0.256748  0.832964
-0.459381  -0.252660  0.851547
-0.430301  -0.249122  0.867628
-0.402588  -0.246026  0.881699
-0.376004  -0.243296  0.894107
-0.350365  -0.240876  0.905110
-0.325530  -0.238722  0.914900
-0.301383  -0.236801  0.923630
-0.277831  -0.235088  0.931420
-0.254792  -0.233560  0.938366
-0.232200  -0.232200  0.944546
-0.209996  -0.230995  0.950023
-0.188127  -0.229933  0.954850
-0.166548  -0.229004  0.959072
-0.145219  -0.228201  0.962723
-0.124100  -0.227517  0.965834
-0.103157  -0.226946  0.968429
-0.082358  -0.226484  0.970527
-0.061671  -0.226129  0.972143
-0.041068  -0.225876  0.973290
-0.020520  -0.225726  0.973975
0.000000  -0.225675  0.974203
0.020520  -0.225726  0.973975
0.041068  -0.225876  0.973290
0.061671  -0.226129  0.972143
0.082358  -0.226484  0.970527
0.103157  -0.226946  0.968429
0.124100  -0.227517  0.965834
0.145219  -0.228201  0.962723
0.166549  -0.229004  0.959072
0.188127  -0.229933  0.954850
0.209996  -0.230995  0.950023
0.232200  -0.232200  0.944546
0.254792  -0.233560  0.938366
0.277831  -0.235088  0.931420
0.301383  -0.236801  0.923630
0.325530  -0.238722  0.914900
0.350365  -0.240876  0.905110
0.376003  -0.243296  0.894108
0.402588  -0.246026  0.881699
0.430301  -0.249122  0.867628
0.459381  -0.252660  0.851547
0.490155  -0.256748  0.832963
0.523094  -0.261547  0.811151
0.558921  -0.267310  0.784954
0.598883  -0.274488  0.752326
0.645514  -0.284026  0.708971
0.706264  -0.298804  0.641800
-0.733602  -0.338586  0.589226
-0.658516  -0.316088  0.682968
-0.607907  -0.303954  0.733526
-0.565891  -0.295247  0.769803
-0.528764  -0.288417  0.798263
-0.494915  -0.282808  0.821632
-0.463457  -0.278074  0.841357
-0.433840  -0.274004  0.858315
-0.405692  -0.270461  0.873078
-0.378744  -0.267349  0.886046
-0.352797  -0.264598  0.897509
-0.327695  -0.262156  0.907684
-0.303313  -0.259983  0.916739
-0.279551  -0.258047  0.924804
-0.256324  -0.256324  0.931985
-0.233560  -0.254792  0.938366
-0.211197  -0.253436  0.944016
-0.189182  -0.252242  0.948991
-0.167466  -0.251199  0.953339
-0.146006  -0.250297  0.957096
-0.124764  -0.249529  0.960296
-0.103704  -0.248889  0.962964
-0.082790  -0.248371  0.965121
-0.061993  -0.247972  0.966782
-0.041282  -0.247690  0.967960
-0.020627  -0.247521  0.968663
0.000000  -0.247465  0.968897
0.020627  -0.247521  0.968663
0.041282  -0.247690  0.967960
0.061993  -0.247972  0.966782
0.082790  -0.248371  0.965121
0.103703  -0.248889  0.962964
0.124764  -0.249529  0.960296
0.146007  -0.250297  0.957096
0.167466  -0.251199  0.953339
0.189182  -0.252242  0.948991
0.211197  -0.253436  0.944016
0.233560  -0.254792  0.938366
0.256324  -0.256324  0.931985
0.279551  -0.258047  0.924804
0.303313  -0.259983  0.916739
0.327695  -0.262156  0.907684
0.352797  -0.264598  0.897509
0.378744  -0.267349  0.886046
0.405692  -0.270461  0.873078
0.433841  -0.274005  0.858315
0.463457  -0.278074  0.841357
0.494915  -0.282808  0.821632
0.528764  -0.288417  0.798263
0.565891  -0.295247  0.769803
0.607907  -0.303954  0.733526
0.658516  -0.316088  0.682968
0.733602  -0.338586  0.589226
-0.676512  -0.351786  0.646976
-0.619201  -0.335401  0.709997
-0.574285  -0.324596  0.751555
-0.535456  -0.316406  0.783054
-0.500459  -0.309808  0.808430
-0.468164  -0.304306  0.829590
-0.437902  -0.299617  0.847627
-0.409236  -0.295560  0.863232
-0.381863  -0.292013  0.876875
-0.355556  -0.288889  0.888889
-0.330144  -0.286125  0.899521
-0.305492  -0.283671  0.908959
-0.281490  -0.281490  0.917348
-0.258047  -0.279551  0.924804
-0.235088  -0.277831  0.931420
-0.212546  -0.276309  0.937271
-0.190365  -0.274971  0.942418
-0.168494  -0.273803  0.946912
-0.146889  -0.272794  0.950793
-0.125509  -0.271935  0.954096
-0.104315  -0.271219  0.956848
-0.083274  -0.270641  0.959072
-0.062353  -0.270196  0.960784
-0.041520  -0.269880  0.961998
-0.020746  -0.269692  0.962723
0.000000  -0.269629  0.962964
0.020746  -0.269692  0.962723
0.041520  -0.269880  0.961998
0.062353  -0.270196  0.960784
0.083274  -0.270641  0.959072
0.104315  -0.271219  0.956848
0.125508  -0.271935  0.954096
0.146889  -0.272794  0.950793
0.168494  -0.273803  0.946912
0.190365  -0.274971  0.942418
0.212546  -0.276309  0.937271
0.235088  -0.277831  0.931420
0.258047  -0.279551  0.924804
0.281490  -0.281490  0.917348
0.305492  -0.283671  0.908959
0.330144  -0.286125  0.899521
0.355555  -0.288889  0.888889
0.381862  -0.292012  0.876875
0.409236  -0.295560  0.863232
0.437902  -0.299617  0.847627
0.468164  -0.304307  0.829590
0.500459  -0.309808  0.808430
0.535456  -0.316406  0.783054
0.574285  -0.324596  0.751555
0.619201  -0.335401  0.709997
0.676512  -0.351786  0.646976
-0.706995  -0.395917  0.586010
-0.634000  -0.369833  0.679167
-0.584608  -0.355848  0.729113
-0.543444  -0.345828  0.764899
-0.506963  -0.337976  0.792944
-0.473622  -0.331535  0.815945
-0.442573  -0.326106  0.835335
-0.413288  -0.321446  0.851977
-0.385410  -0.317397  0.866440
-0.358683  -0.313847  0.879117
-0.332912  -0.310717  0.890295
-0.307948  -0.307948  0.900187
-0.283671  -0.305492  0.908959
-0.259983  -0.303313  0.916739
-0.236801  -0.301383  0.923630
-0.214057  -0.299679  0.929716
-0.191689  -0.298182  0.935063
-0.169644  -0.296877  0.939726
-0.147875  -0.295750  0.943751
-0.126339  -0.294792  0.947173
-0.104998  -0.293994  0.950023
-0.083814  -0.293349  0.952324
-0.062754  -0.292853  0.954096
-0.041786  -0.292501  0.955352
-0.020878  -0.292292  0.956101
0.000000  -0.292222  0.956351
0.020878  -0.292292  0.956101
0.041786  -0.292501  0.955352
0.062754  -0.292853  0.954096
0.083814  -0.293349  0.952324
0.104998  -0.293994  0.950023
0.126339  -0.294792  0.947173
0.147875  -0.295750  0.943751
0.169644  -0.296877  0.939726
0.191689  -0.298182  0.935063
0.214057  -0.299679  0.929716
0.236801  -0.301383  0.923630
0.259983  -0.303313  0.916739
0.283671  -0.305492  0.908959
0.307948  -0.307948  0.900187
0.332912  -0.310717  0.890295
0.358682  -0.313847  0.879117
0.385410  -0.317397  0.866440
0.413288  -0.321446  0.851977
0.442573  -0.326106  0.835335
0.473622  -0.331535  0.815945
0.506964  -0.337976  0.792944
0.543444  -0.345828  0.764899
0.584608  -0.355848  0.729113
0.634000  -0.369833  0.679167
0.706995  -0.395917  0.586010
-0.655446  -0.409654  0.634487
-0.597779  -0.389856  0.700480
-0.553166  -0.377159  0.742805
-0.514683  -0.367631  0.774563
-0.480000  -0.360000  0.800000
-0.447973  -0.353663  0.821122
-0.417937  -0.348281  0.839065
-0.389457  -0.343639  0.854538
-0.362233  -0.339593  0.868023
-0.336042  -0.336042  0.879858
-0.310717  -0.332912  0.890295
-0.286125  -0.330144  0.899521
-0.262156  -0.327695  0.907684
-0.238722  -0.325530  0.914900
-0.215748  -0.323622  0.921261
-0.193168  -0.321947  0.926842
-0.170927  -0.320489  0.931703
-0.148975  -0.319232  0.935894
-0.127265  -0.318164  0.939455
-0.105758  -0.317275  0.942418
-0.084415  -0.316557  0.944810
-0.063201  -0.316005  0.946650
-0.042082  -0.315614  0.947954
-0.021025  -0.315380  0.948732
0.000000  -0.315303  0.948991
0.021025  -0.315380  0.948732
0.042082  -0.315614  0.947954
0.063201  -0.316005  0.946650
0.084415  -0.316557  0.944810
0.105758  -0.317275  0.942418
0.127265  -0.318164  0.939455
0.148975  -0.319232  0.935894
0.170928  -0.320489  0.931703
0.193169  -0.321947  0.926842
0.215748  -0.323622  0.921261
0.238722  -0.325530  0.914900
0.262156  -0.327695  0.907684
0.286125  -0.330144  0.899521
0.310717  -0.332912  0.890295
0.336042  -0.336042  0.879858
0.362233  -0.339593  0.868023
0.389457  -0.343638  0.854538
0.417937  -0.348281  0.839065
0.447974  -0.353663  0.821122
0.480000  -0.360000  0.800000
0.514683  -0.367631  0.774563
0.553166  -0.377159  0.742805
0.597779  -0.389856  0.700480
0.655446  -0.409654  0.634487
-0.705883  -0.470589  0.529410
-0.615843  -0.428412  0.661212
-0.565392  -0.411194  0.715019
-0.524023  -0.399256  0.752326
-0.487547  -0.390037  0.781133
-0.454272  -0.382545  0.804547
-0.423303  -0.376270  0.824157
-0.394094  -0.370912  0.840901
-0.366277  -0.366277  0.855384
-0.339593  -0.362233  0.868023
-0.313847  -0.358683  0.879117
-0.288889  -0.355556  0.888889
-0.264598  -0.352797  0.897509
-0.240876  -0.350365  0.905110
-0.217641  -0.348225  0.911796
-0.194823  -0.346351  0.917652
-0.172361  -0.344722  0.922745
-0.150202  -0.343318  0.927131
-0.128298  -0.342127  0.930854
-0.106605  -0.341136  0.933949
-0.085084  -0.340337  0.936446
-0.063698  -0.339723  0.938366
-0.042411  -0.339288  0.939726
-0.021189  -0.339028  0.940538
0.000000  -0.338942  0.940807
0.021189  -0.339028  0.940538
0.042411  -0.339288  0.939726
0.063698  -0.339723  0.938366
0.085084  -0.340337  0.936446
0.106605  -0.341136  0.933949
0.128297  -0.342127  0.930854
0.150202  -0.343318  0.927131
0.172361  -0.344722  0.922745
0.194823  -0.346351  0.917652
0.217641  -0.348225  0.911796
0.240876  -0.350365  0.905110
0.264598  -0.352797  0.897509
0.288889  -0.355556  0.888889
0.313847  -0.358683  0.879117
0.339593  -0.362233  0.868023
0.366277  -0.366277  0.855384
0.394093  -0.370912  0.840901
0.423303  -0.376270  0.824158
0.454272  -0.382545  0.804547
0.487547  -0.390037  0.781133
0.524023  -0.399256  0.752326
0.565392  -0.411194  0.715019
0.615843  -0.428412  0.661212
0.705883  -0.470589  0.529410
-0.646175  -0.477607  0.595272
-0.581736  -0.449523  0.677874
-0.535683  -0.433648  0.724564
-0.496653  -0.422155  0.758367
-0.461718  -0.413116  0.784954
-0.429560  -0.405696  0.806777
-0.399446  -0.399446  0.825158
-0.370912  -0.394094  0.840901
-0.343638  -0.389457  0.854538
-0.317397  -0.385410  0.866440
-0.292013  -0.381862  0.876875
-0.267349  -0.378744  0.886046
-0.243296  -0.376003  0.894107
-0.219764  -0.373598  0.901182
-0.196674  -0.371496  0.907364
-0.173963  -0.369671  0.912732
-0.151571  -0.368102  0.917348
-0.129449  -0.366771  0.921261
-0.107549  -0.365666  0.924511
-0.085830  -0.364775  0.927131
-0.064251  -0.364091  0.929145
-0.042777  -0.363606  0.930570
-0.021372  -0.363317  0.931420
0.000000  -0.363221  0.931703
0.021372  -0.363317  0.931420
0.042777  -0.363606  0.930570
0.064251  -0.364091  0.929145
0.085829  -0.364775  0.927131
0.107549  -0.365666  0.924511
0.129449  -0.366771  0.921261
0.151571  -0.368102  0.917348
0.173963  -0.369671  0.912732
0.196675  -0.371496  0.907364
0.219764  -0.373598  0.901182
0.243296  -0.376003  0.894107
0.267349  -0.378744  0.886046
0.292013  -0.381862  0.876875
0.317397  -0.385410  0.866440
0.343638  -0.389457  0.854538
0.370912  -0.394094  0.840901
0.399446  -0.399446  0.825158
0.429560  -0.405696  0.806777
0.461718  -0.413116  0.784954
0.496653  -0.422155  0.758367
0.535683  -0.433648  0.724564
0.581736  -0.449523  0.677874
0.646175  -0.477607  0.595272
-0.607076  -0.496699  0.620281
-0.551095  -0.472367  0.687869
-0.507998  -0.457198  0.730006
-0.470705  -0.445931  0.761303
-0.436965  -0.436965  0.786208
-0.405696  -0.429560  0.806777
-0.376270  -0.423303  0.824157
-0.348281  -0.417937  0.839065
-0.321446  -0.413288  0.851977
-0.295560  -0.409236  0.863232
-0.270461  -0.405692  0.873078
-0.246026  -0.402588  0.881699
-0.222152  -0.399873  0.889241
-0.198753  -0.397506  0.895816
-0.175758  -0.395456  0.901512
-0.153104  -0.393696  0.906401
-0.130735  -0.392206  0.910540
-0.108603  -0.390969  0.913974
-0.086661  -0.389974  0.916739
-0.064868  -0.389210  0.918862
-0.043185  -0.388669  0.920365
-0.021575  -0.388346  0.921261
0.000000  -0.388239  0.921559
0.021575  -0.388346  0.921261
0.043185  -0.388669  0.920365
0.064868  -0.389210  0.918862
0.086661  -0.389974  0.916739
0.108603  -0.390969  0.913974
0.130735  -0.392206  0.910540
0.153104  -0.393696  0.906401
0.175758  -0.395456  0.901512
0.198753  -0.397506  0.895816
0.222152  -0.399873  0.889241
0.246026  -0.402588  0.881699
0.270461  -0.405692  0.873078
0.295560  -0.409236  0.863232
0.321446  -0.413288  0.851977
0.348281  -0.417937  0.839065
0.376270  -0.423303  0.824157
0.405696  -0.429560  0.806777
0.436965  -0.436965  0.786208
0.470705  -0.445931  0.761303
0.507998  -0.457198  0.730006
0.551095  -0.472367  0.687869
0.607076  -0.496699  0.620281
-0.574318  -0.519621  0.632577
-0.522963  -0.496815  0.692593
-0.481925  -0.481925  0.731776
-0.445931  -0.470705  0.761303
-0.413116  -0.461718  0.784954
-0.382545  -0.454272  0.804547
-0.353663  -0.447973  0.821122
-0.326106  -0.442573  0.835335
-0.299617  -0.437902  0.847627
-0.274004  -0.433840  0.858315
-0.249122  -0.430301  0.867628
-0.224851  -0.427217  0.875744
-0.201097  -0.424538  0.882795
-0.177778  -0.422222  0.888889
-0.154825  -0.420239  0.894107
-0.132178  -0.418563  0.898518
-0.109783  -0.417175  0.902171
-0.087591  -0.416058  0.905110
-0.065558  -0.415202  0.907364
-0.043642  -0.414596  0.908959
-0.021802  -0.414235  0.909909
0.000000  -0.414115  0.910225
0.021802  -0.414235  0.909909
0.043642  -0.414596  0.908959
0.065558  -0.415202  0.907364
0.087591  -0.416058  0.905110
0.109783  -0.417175  0.902171
0.132178  -0.418563  0.898518
0.154825  -0.420239  0.894107
0.177778  -0.422222  0.888889
0.201097  -0.424538  0.882795
0.224851  -0.427217  0.875744
0.249122  -0.430301  0.867628
0.274004  -0.433840  0.858315
0.299617  -0.437902  0.847627
0.326106  -0.442573  0.835335
0.353663  -0.447973  0.821122
0.382545  -0.454272  0.804547
0.413116  -0.461718  0.784954
0.445931  -0.470705  0.761303
0.481925  -0.481925  0.731776
0.522963  -0.496815  0.692593
0.574318  -0.519621  0.632576
-0.545454  -0.545454  0.636364
-0.496815  -0.522963  0.692593
-0.457198  -0.507998  0.730006
-0.422155  -0.496653  0.758367
-0.390037  -0.487547  0.781133
-0.360000  -0.480000  0.800000
-0.331535  -0.473622  0.815945
-0.304306  -0.468164  0.829590
-0.278074  -0.463457  0.841357
-0.252660  -0.459381  0.851547
-0.227924  -0.455848  0.860380
-0.203756  -0.452791  0.868023
-0.180063  -0.450158  0.874606
-0.156768  -0.447909  0.880228
-0.133804  -0.446013  0.884969
-0.111111  -0.444444  0.888889
-0.088637  -0.443185  0.892037
-0.066333  -0.442220  0.894450
-0.044154  -0.441538  0.896156
-0.022057  -0.441131  0.897171
0.000000  -0.440996  0.897509
0.022057  -0.441131  0.897171
0.044154  -0.441538  0.896156
0.066333  -0.442220  0.894450
0.088637  -0.443185  0.892037
0.111111  -0.444444  0.888889
0.133804  -0.446013  0.884969
0.156768  -0.447909  0.880228
0.180063  -0.450158  0.874606
0.203756  -0.452791  0.868023
0.227924  -0.455848  0.860380
0.252660  -0.459381  0.851547
0.278074  -0.463457  0.841357
0.304306  -0.468164  0.829590
0.331535  -0.473622  0.815945
0.360000  -0.480000  0.800000
0.390037  -0.487547  0.781133
0.422155  -0.496653  0.758367
0.457198  -0.507998  0.730006
0.496815  -0.522963  0.692593
0.545455  -0.545455  0.636364
-0.519621  -0.574318  0.632576
-0.472367  -0.551095  0.687869
-0.433648  -0.535683  0.724564
-0.399256  -0.524023  0.752326
-0.367631  -0.514683  0.774563
-0.337976  -0.506963  0.792944
-0.309808  -0.500459  0.808430
-0.282808  -0.494915  0.821632
-0.256748  -0.490155  0.832964
-0.231456  -0.486058  0.842719
-0.206799  -0.482532  0.851115
-0.182670  -0.479508  0.858315
-0.158978  -0.476934  0.864442
-0.135649  -0.474771  0.869593
-0.112616  -0.472986  0.873843
-0.089820  -0.471555  0.877250
-0.067208  -0.470459  0.879858
-0.044732  -0.469686  0.881699
-0.022344  -0.469226  0.882795
0.000000  -0.469073  0.883159
0.022344  -0.469226  0.882795
0.044732  -0.469686  0.881699
0.067208  -0.470459  0.879858
0.089820  -0.471555  0.877250
0.112616  -0.472986  0.873843
0.135649  -0.474771  0.869593
0.158978  -0.476935  0.864442
0.182670  -0.479508  0.858315
0.206799  -0.482532  0.851115
0.231456  -0.486058  0.842719
0.256748  -0.490155  0.832964
0.282808  -0.494915  0.821632
0.309808  -0.500459  0.808430
0.337976  -0.506963  0.792944
0.367631  -0.514683  0.774563
0.399255  -0.524023  0.752326
0.433648  -0.535683  0.724564
0.472367  -0.551095  0.687869
0.519621  -0.574318  0.632576
-0.496699  -0.607076  0.620281
-0.449523  -0.581736  0.677874
-0.411194  -0.565392  0.715019
-0.377159  -0.553166  0.742805
-0.345828  -0.543444  0.764899
-0.316406  -0.535456  0.783054
-0.288417  -0.528764  0.798263
-0.261547  -0.523093  0.811152
-0.235572  -0.518258  0.822140
-0.210325  -0.514129  0.831526
-0.185676  -0.510609  0.839526
-0.161518  -0.507627  0.846302
-0.137763  -0.505130  0.851977
-0.114335  -0.503076  0.856646
-0.091170  -0.501433  0.860380
-0.068206  -0.500178  0.863232
-0.045390  -0.499293  0.865244
-0.022671  -0.498766  0.866440
0.000000  -0.498592  0.866837
0.022671  -0.498766  0.866440
0.045390  -0.499293  0.865244
0.068206  -0.500178  0.863232
0.091170  -0.501433  0.860380
0.114335  -0.503076  0.856646
0.137763  -0.505130  0.851977
0.161518  -0.507627  0.846302
0.185676  -0.510609  0.839526
0.210325  -0.514129  0.831526
0.235572  -0.518258  0.822140
0.261547  -0.523093  0.811152
0.288417  -0.528764  0.798263
0.316406  -0.535456  0.783054
0.345828  -0.543444  0.764899
0.377159  -0.553166  0.742805
0.411194  -0.565392  0.715019
0.449523  -0.581735  0.677874
0.496699  -0.607076  0.620281
-0.477607  -0.646174  0.595274
-0.428412  -0.615843  0.661212
-0.389856  -0.597779  0.700480
-0.355848  -0.584608  0.729113
-0.324596  -0.574285  0.751555
-0.295247  -0.565890  0.769803
-0.267310  -0.558921  0.784954
-0.240464  -0.553067  0.797680
-0.214483  -0.548122  0.808430
-0.189198  -0.543943  0.817514
-0.164478  -0.540427  0.825158
-0.140217  -0.537498  0.831526
-0.116326  -0.535098  0.836743
-0.092728  -0.533185  0.840901
-0.069356  -0.531727  0.844071
-0.046148  -0.530701  0.846302
-0.023047  -0.530092  0.847627
0.000000  -0.529889  0.848067
0.023047  -0.530092  0.847627
0.046148  -0.530701  0.846302
0.069356  -0.531727  0.844071
0.092728  -0.533185  0.840901
0.116326  -0.535098  0.836743
0.140217  -0.537498  0.831526
0.164478  -0.540427  0.825158
0.189198  -0.543943  0.817514
0.214483  -0.548122  0.808430
0.240464  -0.553067  0.797680
0.267310  -0.558921  0.784954
0.295247  -0.565890  0.769803
0.324596  -0.574285  0.751555
0.355848  -0.584608  0.729113
0.389856  -0.597779  0.700480
0.428412  -0.615843  0.661212
0.477607  -0.646174  0.595274
-0.470589  -0.705883  0.529410
-0.409654  -0.655446  0.634487
-0.369833  -0.634000  0.679167
-0.335401  -0.619201  0.709997
-0.303954  -0.607907  0.733526
-0.274488  -0.598883  0.752326
-0.246456  -0.591495  0.767720
-0.219512  -0.585366  0.780488
-0.193419  -0.580256  0.791134
-0.168000  -0.576000  0.800000
-0.143120  -0.572482  0.807330
-0.118670  -0.569617  0.813298
-0.094557  -0.567343  0.818035
-0.070702  -0.565617  0.821632
-0.047034  -0.564404  0.824157
-0.023487  -0.563685  0.825656
0.000000  -0.563447  0.826152
0.023487  -0.563685  0.825656
0.047034  -0.564404  0.824157
0.070702  -0.565617  0.821632
0.094557  -0.567343  0.818035
0.118670  -0.569617  0.813298
0.143120  -0.572482  0.807330
0.168000  -0.576000  0.800000
0.193419  -0.580256  0.791134
0.219512  -0.585366  0.780488
0.246456  -0.591495  0.767720
0.274488  -0.598883  0.752326
0.303954  -0.607907  0.733526
0.335401  -0.619201  0.709997
0.369833  -0.634000  0.679167
0.409654  -0.655446  0.634487
0.470587  -0.705881  0.529414
-0.395917  -0.706995  0.586010
-0.351786  -0.676512  0.646976
-0.316088  -0.658516  0.682968
-0.284026  -0.645514  0.708971
-0.254178  -0.635444  0.729113
-0.225857  -0.627380  0.745241
-0.198661  -0.620816  0.758367
-0.172324  -0.615444  0.769112
-0.146654  -0.611060  0.777881
-0.121505  -0.607523  0.784954
-0.096758  -0.604737  0.790526
-0.072316  -0.602632  0.794736
-0.048093  -0.601160  0.797680
-0.024012  -0.600289  0.799423
0.000000  -0.600000  0.800000
0.024012  -0.600289  0.799423
0.048093  -0.601160  0.797680
0.072316  -0.602632  0.794736
0.096758  -0.604737  0.790526
0.121505  -0.607523  0.784954
0.146654  -0.611060  0.777881
0.172325  -0.615444  0.769112
0.198661  -0.620816  0.758367
0.225857  -0.627380  0.745241
0.254178  -0.635444  0.729113
0.284026  -0.645514  0.708971
0.316088  -0.658516  0.682968
0.351786  -0.676512  0.646976
0.395917  -0.706995  0.586010
-0.338586  -0.733602  0.589226
-0.298804  -0.706264  0.641800
-0.265217  -0.689564  0.673914
-0.234512  -0.677479  0.697156
-0.205597  -0.668190  0.715019
-0.177924  -0.660861  0.729113
-0.151160  -0.655029  0.740330
-0.125078  -0.650407  0.749217
-0.099510  -0.646813  0.756129
-0.074322  -0.644122  0.761303
-0.049404  -0.642252  0.764899
-0.024660  -0.641150  0.767019
0.000000  -0.640786  0.767720
0.024660  -0.641150  0.767019
0.049404  -0.642252  0.764899
0.074322  -0.644122  0.761303
0.099510  -0.646813  0.756129
0.125078  -0.650407  0.749217
0.151160  -0.655028  0.740330
0.177924  -0.660861  0.729113
0.205597  -0.668190  0.715019
0.234512  -0.677479  0.697156
0.265217  -0.689564  0.673914
0.298804  -0.706264  0.641800
0.338586  -0.733602  0.589226
-0.289560  -0.781811  0.552202
-0.249154  -0.747462  0.615810
-0.216216  -0.729730  0.648649
-0.186031  -0.717550  0.671204
-0.157456  -0.708551  0.687869
-0.129952  -0.701741  0.700480
-0.103200  -0.696601  0.709997
-0.076981  -0.692832  0.716979
-0.051129  -0.690247  0.721765
-0.025509  -0.688736  0.724564
0.000000  -0.688238  0.725485
0.025509  -0.688736  0.724564
0.051129  -0.690247  0.721765
0.076981  -0.692832  0.716979
0.103200  -0.696601  0.709997
0.129952  -0.701741  0.700480
0.157456  -0.708551  0.687869
0.186032  -0.717550  0.671204
0.216216  -0.729730  0.648649
0.249154  -0.747463  0.615809
0.289560  -0.781811  0.552202
-0.207921  -0.831682  0.514853
-0.169293  -0.790034  0.589225
-0.138193  -0.773880  0.618072
-0.109091  -0.763636  0.636364
-0.081081  -0.756757  0.648649
-0.053734  -0.752271  0.656659
-0.026776  -0.749722  0.661212
0.000000  -0.748893  0.662691
0.026776  -0.749722  0.661212
0.053734  -0.752271  0.656659
0.081081  -0.756757  0.648649
0.109091  -0.763636  0.636364
0.138193  -0.773880  0.618072
0.169293  -0.790033  0.589226
0.207921  -0.831682  0.514853
